-17 49 17 -44 27 -40 93 1 27 50 -38 -83 -4 49 -30 -43 
54 -40 8 72 -1 86 90 2 -46 -64 75 30 54 62 -52 89 
-36 65 -54 91 78 91 -7 5 -7 7 -26 90 -91 -4 -53 63 
56 7 35 -93 -55 25 -39 0 13 -64 82 -81 51 -69 -92 67 
96 -94 10 26 98 55 -69 -9 -37 -43 -67 -76 53 -19 87 -39 
40 22 -32 86 99 29 -62 12 18 -80 31 -79 -49 -9 88 -100 
-2 -50 26 -52 -94 10 -9 -79 67 25 -55 -27 58 84 34 -2 
6 55 -16 -43 -16 -26 69 54 -5 -48 75 46 -5 15 -2 93 
18 77 93 -24 -13 -15 -51 -94 62 -6 -21 20 -70 66 70 -12 
21 -93 45 57 -19 -34 -36 76 18 91 -25 -87 -41 73 59 77 
2 4 -47 89 41 2 96 3 48 -73 -77 78 45 94 -34 -82 
53 -89 76 -66 -71 92 -89 47 83 -62 12 -58 -89 -77 71 14 
28 -76 -45 -31 -22 -97 73 -74 83 48 56 28 -6 74 47 -53 
37 -25 -18 66 -33 -55 -35 -98 -17 78 97 -54 -99 68 12 -19 
45 68 51 -77 23 -24 -98 6 76 58 -65 -29 -15 82 -30 -78 
-43 4 89 -24 49 -46 -22 -68 84 -25 -21 38 96 43 -81 41 
11 22 16 -65 50 18 -7 27 -71 28 50 14 -38 72 -12 19 
-23 -23 47 -74 -16 78 -89 -32 -95 -58 58 -99 85 78 -6 -3 
-48 -89 -16 -97 -19 77 -18 -38 -42 84 28 20 56 -83 92 -67 
-54 39 -88 -18 17 75 51 23 -83 -39 -24 -98 -61 71 -49 -8 
34 -13 -53 -85 -83 -19 -22 -25 -35 58 47 -79 75 39 -93 -78 
-69 71 4 0 46 -93 75 15 -31 -48 17 -40 75 21 4 9 
-92 3 -24 77 84 6 -48 -51 -35 52 -77 -60 -57 82 -86 -26 
53 -29 27 -49 -70 2 66 -49 54 -65 -36 -19 56 68 90 17 
-28 -81 -6 -44 25 -1 -42 90 -49 -19 83 -6 -37 49 21 68
