-80 -52 71 -97 50 37 -46 -43 72 18 -10 -19 -61 -19 98 -37 -48 -56 -29 77 43 29 20 46 62 
3 -59 -75 -48 14 45 -75 62 16 -72 -36 -95 -66 -27 30 5 64 -89 44 97 61 -93 -51 -95 -22 
-74 49 -92 46 -5 70 -51 -12 48 -46 -98 -55 -21 16 62 -41 81 19 -7 -46 -51 98 -82 -40 42 
-85 73 1 -36 79 80 -57 -20 40 89 27 -38 91 68 62 97 70 60 -24 -13 22 -13 -80 93 80 
-74 -57 79 -55 -45 -27 -88 -71 75 -71 60 7 -76 -60 99 65 19 -87 56 -13 28 5 -90 -12 33 
-51 62 -80 -31 55 -99 -5 98 32 -8 -94 -95 -43 -65 32 -62 47 91 -38 39 42 -73 -42 56 36 
-2 -64 -59 8 24 27 57 -62 47 78 93 0 -27 44 -68 18 2 90 27 37 -26 65 -64 -34 -73 
75 60 -94 85 16 42 -17 4 36 43 -72 -37 0 -82 62 -22 -88 -37 4 8 -53 -78 -90 89 1 
-1 -36 -34 -13 -18 -55 -38 -58 -49 99 11 46 -17 67 -66 -74 96 -51 -21 66 -89 57 30 -74 -87 
-62 -74 -65 -100 67 36 -49 -69 54 38 -35 99 -100 -40 -97 52 23 49 -65 -10 35 -87 -62 84 -8 
-95 47 -98 35 26 -85 26 52 -97 26 19 -9 30 3 -54 -32 20 97 -79 32 -100 73 -45 1 60 
-2 88 73 36 72 -82 -7 -28 72 -71 98 39 7 2 42 85 -79 86 15 -24 -68 84 49 81 57 
-19 34 30 -11 -65 -10 87 -76 -37 -25 48 -67 69 -80 -95 50 -82 45 -43 20 -61 94 -6 -75 10 
22 -91 -54 -29 91 -97 5 25 33 46 12 75 33 -12 -62 -92 -63 -76 29 -91 81 -21 80 -22 -12 
-48 18 -17 46 -5 45 -79 5 91 -56 -4 46 49 73 -69 -5 -15 -94 80 26 96 41 15 -80 -30 
24 54 2 4 -68 90 9 50 -75 -93 -54 70 -72 3 13 -27 51 -89 74 24 -58 -78 61 -100 54
